episode,reward,steps,choosen_moves,random_moves
1,255,280,115,165
2,1031,258,164,94
3,1143,189,126,63
4,1041,150,110,40
5,1030,217,158,59
6,791,205,140,65
7,1014,234,179,55
8,1253,274,217,57
9,2996,544,397,147
10,1277,240,183,57
11,1024,165,127,38
12,1299,276,214,62
13,1033,235,180,55
14,611,115,89,26
15,987,276,203,73
16,605,325,233,92
17,621,123,91,32
18,1040,186,138,48
19,1147,189,141,48
20,2322,420,316,104
21,1297,252,195,57
22,635,96,70,26
23,1033,200,150,50
24,1030,215,162,53
25,212,55,41,14
26,604,145,103,42
27,246,43,31,12
28,1328,190,140,50
29,1041,187,146,41
30,1033,193,150,43
31,1919,272,205,67
32,1021,240,165,75
33,608,82,61,21
34,1032,199,148,51
35,3035,501,383,118
36,1860,291,225,66
37,1850,249,184,65
38,1714,277,200,77
39,1688,237,183,54
40,1048,193,144,49
41,1032,202,143,59
42,1904,309,242,67
43,1343,206,156,50
44,1437,162,122,40
45,3044,447,345,102
46,1181,191,149,42
47,1919,276,202,74
48,2339,429,307,122
49,601,109,78,31
50,1041,181,132,49
51,1034,172,122,50
52,1319,210,157,53
53,1140,221,171,50
54,1152,188,158,30
55,620,89,63,26
56,1052,123,92,31
57,250,42,31,11
58,1321,189,133,56
59,1068,152,114,38
60,2350,374,280,94
61,1316,257,192,65
62,216,57,41,16
63,1323,212,175,37
64,1340,236,175,61
65,3030,508,379,129
66,724,158,116,42
67,729,114,82,32
68,2613,476,367,109
69,630,126,98,28
70,1313,235,173,62
71,1330,181,134,47
72,1005,269,199,70
73,732,122,96,26
74,1126,265,197,68
75,1179,238,167,71
76,626,115,82,33
77,1895,338,264,74
78,1033,217,163,54
79,1324,252,190,62
80,250,39,30,9
81,3036,515,389,126
82,1143,197,149,48
83,1304,226,170,56
1,978,407,203,204
2,604,146,104,42
3,208,58,36,22
4,654,126,90,36
5,618,112,85,27
6,1037,217,163,54
7,921,361,278,83
8,615,190,138,52
9,1230,348,271,77
10,958,320,246,74
11,1051,246,187,59
12,569,137,115,22
13,625,101,78,23
14,1330,250,185,65
15,1165,417,323,94
16,1785,369,273,96
17,238,46,38,8
18,1040,172,142,30
19,618,138,98,40
20,1323,224,177,47
21,1035,230,171,59
22,719,176,126,50
23,1299,322,234,88
24,728,220,164,56
25,624,129,96,33
26,1296,297,216,81
27,1121,263,207,56
28,767,217,160,57
29,814,460,340,120
30,2920,733,566,167
31,1131,240,188,52
32,1020,257,199,58
33,1030,209,154,55
34,1290,301,221,80
35,1129,255,194,61
36,2627,551,419,132
37,1036,226,168,58
38,1115,261,184,77
39,1041,219,171,48
40,610,133,98,35
41,1151,214,169,45
42,1119,277,209,68
43,1125,266,215,51
44,2317,498,378,120
45,1308,231,164,67
46,1040,215,166,49
47,627,126,89,37
48,3018,557,420,137
49,1026,242,177,65
50,1121,257,191,66
51,3032,528,394,134
52,627,119,92,27
53,2999,666,491,175
54,2605,540,395,145
55,1031,230,175,55
56,1136,203,152,51
57,713,154,110,44
58,3024,592,437,155
59,1027,265,193,72
60,621,110,87,23
61,1036,235,183,52
62,1298,300,229,71
63,731,198,148,50
64,1122,247,192,55
65,1307,280,215,65
66,1411,296,220,76
67,1031,228,165,63
68,232,50,36,14
69,1299,332,245,87
70,208,57,35,22
71,2988,653,485,168
72,609,134,102,32
73,1033,240,173,67
74,1263,328,259,69
75,1309,261,198,63
76,3023,594,446,148
77,1036,222,173,49
78,626,134,106,28
79,787,227,170,57
80,616,125,89,36
81,1031,221,158,63
82,730,199,134,65
83,3009,618,450,168
1,792,591,304,287
2,1673,326,243,83
3,1033,251,183,68
4,1310,258,187,71
5,1042,188,146,42
6,1307,282,210,72
7,1025,231,169,62
8,238,49,36,13
9,710,200,154,46
10,1017,250,196,54
11,2342,451,351,100
12,2342,452,339,113
13,1302,260,202,58
14,1310,237,179,58
15,1038,207,154,53
16,1416,265,200,65
17,2614,498,376,122
18,1037,230,172,58
19,1111,260,206,54
20,231,50,39,11
21,1029,251,184,67
22,1039,224,177,47
23,1023,240,176,64
24,1308,290,215,75
25,617,124,94,30
26,1427,288,219,69
27,609,134,106,28
28,1820,381,276,105
29,1492,384,274,110
30,1327,259,203,56
31,1328,283,221,62
32,616,123,88,35
33,1876,402,308,94
34,2611,490,365,125
35,615,123,93,30
36,617,137,106,31
37,1031,218,165,53
38,1120,284,214,70
39,2334,486,369,117
40,1048,194,145,49
41,1036,228,175,53
42,1309,291,224,67
43,1032,229,178,51
44,2288,575,426,149
45,625,133,98,35
46,1159,284,211,73
47,2308,519,390,129
48,2592,555,433,122
49,1038,233,177,56
50,1405,275,207,68
51,1125,260,193,67
52,1103,291,215,76
53,1040,239,184,55
54,2992,646,481,165
55,1015,283,209,74
56,3007,642,484,158
57,1817,416,296,120
58,1123,223,169,54
59,622,118,86,32
60,1011,249,183,66
61,627,120,89,31
62,628,119,91,28
63,2998,673,524,149
64,1407,308,220,88
65,1034,216,168,48
66,1023,260,205,55
67,1126,247,194,53
68,1120,251,180,71
69,1306,279,217,62
70,629,124,92,32
71,1165,242,182,60
72,1047,229,178,51
73,1289,299,237,62
74,1037,196,149,47
75,627,121,95,26
76,1534,332,256,76
77,1030,214,163,51
78,2325,491,369,122
79,1798,394,296,98
80,231,51,38,13
81,1302,264,200,64
82,2596,531,403,128
83,1026,221,166,55
1,230,61,9,52
2,597,153,66,87
3,970,296,199,97
4,1132,225,156,69
5,1361,458,333,125
6,1209,470,349,121
7,1228,374,272,102
8,606,132,95,37
9,992,330,234,96
10,731,248,186,62
11,1008,258,197,61
12,1036,204,144,60
13,771,203,160,43
14,1309,249,187,62
15,2602,473,364,109
16,1768,412,305,107
17,3025,491,369,122
18,1615,405,299,106
19,631,105,77,28
20,766,201,150,51
21,1902,349,256,93
22,3040,494,370,124
23,1319,212,164,48
24,1324,189,145,44
25,1431,194,159,35
26,1018,241,184,57
27,3025,537,412,125
28,742,169,134,35
29,1142,196,155,41
30,623,110,79,31
31,973,322,237,85
32,3037,487,377,110
33,1048,202,148,54
34,625,102,74,28
35,718,177,127,50
36,1292,266,214,52
37,1913,343,252,91
38,1135,212,157,55
39,2325,463,355,108
40,3025,566,425,141
41,1042,202,153,49
42,231,50,37,13
43,1126,234,189,45
44,2317,509,387,122
45,3017,590,441,149
46,2328,498,374,124
47,1292,299,230,69
48,1014,241,188,53
49,3017,588,450,138
50,1316,265,187,78
51,723,190,127,63
52,627,125,98,27
53,1041,239,178,61
54,1034,246,189,57
55,587,141,107,34
56,1038,223,177,46
57,3017,632,487,145
58,741,180,137,43
59,1301,263,200,63
60,1024,265,197,68
61,232,49,37,12
62,2983,670,493,177
63,1134,203,149,54
64,2601,527,379,148
65,1316,255,187,68
66,2315,549,407,142
67,1304,280,212,68
68,1020,269,184,85
69,1321,258,191,67
70,624,125,95,30
71,611,127,92,35
72,1310,241,180,61
73,1009,261,197,64
74,627,119,93,26
75,1312,299,222,77
76,1022,274,208,66
77,599,130,100,30
78,627,120,91,29
79,1521,376,287,89
80,1040,205,160,45
81,1133,221,169,52
82,1040,235,173,62
83,1281,297,214,83
1,544,375,166,209
2,1151,272,189,83
3,1312,234,170,64
4,1138,216,171,45
5,1302,290,215,75
6,3015,621,487,134
7,672,335,245,90
8,708,162,127,35
9,1310,289,218,71
10,799,207,141,66
11,1031,248,180,68
12,1332,201,147,54
13,1018,249,187,62
14,209,60,47,13
15,706,214,162,52
16,240,56,42,14
17,1308,286,220,66
18,1830,383,275,108
19,1907,374,281,93
20,1023,246,192,54
21,710,159,116,43
22,1827,377,283,94
23,232,50,38,12
24,1409,266,215,51
25,1041,219,163,56
26,626,129,96,33
27,1310,260,191,69
28,597,135,98,37
29,1305,283,214,69
30,1317,296,221,75
31,2319,476,357,119
32,1294,290,222,68
33,1030,226,163,63
34,2329,491,374,117
35,1037,213,162,51
36,3005,596,456,140
37,1324,273,209,64
38,1045,212,165,47
39,3017,610,445,165
40,599,146,103,43
41,1019,281,204,77
42,614,152,110,42
43,1131,217,160,57
44,1015,289,213,76
45,615,130,105,25
46,1024,258,199,59
47,1132,248,196,52
48,1131,233,183,50
49,617,129,105,24
50,2324,519,388,131
51,1040,234,173,61
52,1133,225,168,57
53,1307,293,227,66
54,1129,261,192,69
55,225,52,35,17
56,1043,227,167,60
57,1041,232,176,56
58,625,137,103,34
59,1312,279,201,78
60,1312,270,188,82
61,1040,222,176,46
62,3004,638,481,157
63,1880,399,303,96
64,1308,275,210,65
65,1122,239,170,69
66,1009,234,181,53
67,617,123,99,24
68,1100,304,227,77
69,3006,643,495,148
70,1305,273,200,73
71,2333,474,370,104
72,1306,296,211,85
73,1292,296,217,79
74,1163,267,210,57
75,1021,260,192,68
76,628,119,93,26
77,732,180,133,47
78,1137,202,151,51
79,1541,319,245,74
80,1316,276,207,69
81,1118,273,194,79
82,1308,256,190,66
83,1036,244,189,55
1,230,54,7,47
2,872,347,182,165
3,1333,225,146,79
4,1037,210,154,56
5,1091,272,209,63
6,1307,284,216,68
7,1009,258,205,53
8,232,51,37,14
9,608,128,103,25
10,230,50,41,9
11,609,186,136,50
12,230,51,36,15
13,943,304,226,78
14,993,286,217,69
15,1000,258,188,70
16,1329,255,187,68
17,1041,184,148,36
18,1298,285,204,81
19,698,198,144,54
20,677,212,155,57
21,1280,245,172,73
22,1159,381,287,94
23,1273,354,270,84
24,1131,233,178,55
25,1311,261,196,65
26,1132,221,169,52
27,561,281,212,69
28,1112,237,179,58
29,3023,546,409,137
30,214,57,38,19
31,1033,230,175,55
32,1013,242,168,74
33,1854,257,194,63
34,1014,270,191,79
35,1318,250,185,65
36,210,58,44,14
37,1036,217,150,67
38,1056,227,171,56
39,1035,214,164,50
40,1283,299,206,93
41,609,82,59,23
42,1041,168,131,37
43,1041,180,135,45
44,3046,452,333,119
45,1323,182,135,47
46,1332,188,137,51
47,1038,191,141,50
48,1168,203,162,41
49,1040,213,157,56
50,1148,205,158,47
51,1042,208,151,57
52,1418,240,175,65
53,593,131,97,34
54,604,80,60,20
55,1036,199,140,59
56,732,114,92,22
57,727,163,125,38
58,2344,421,327,94
59,653,86,64,22
60,1819,348,254,94
61,612,120,94,26
62,237,48,30,18
63,610,141,102,39
64,606,112,84,28
65,1041,180,143,37
66,236,43,29,14
67,605,103,76,27
68,1332,240,185,55
69,2344,372,286,86
70,602,95,67,28
71,3004,522,382,140
72,1029,205,142,63
73,3037,508,381,127
74,1032,199,149,50
75,3014,529,377,152
76,3029,467,365,102
77,1032,194,141,53
78,1043,149,108,41
79,1322,259,192,67
80,1852,386,289,97
81,1563,225,166,59
82,1150,193,143,50
83,247,47,33,14
