episode,reward,steps,choosen_moves,random_moves
1,2245,734,419,315
2,2451,533,417,116
3,3367,765,574,191
4,1445,265,204,61
5,2651,586,444,142
6,2942,660,490,170
7,3019,706,547,159
8,1893,487,361,126
9,2034,647,477,170
10,2289,545,401,144
11,1463,327,240,87
12,1442,689,494,195
13,2636,843,627,216
14,2308,534,416,118
15,1007,250,181,69
16,1760,713,537,176
17,1988,535,407,128
18,1938,492,366,126
19,1374,415,303,112
20,1239,671,492,179
21,902,283,198,85
22,1173,485,340,145
23,632,366,271,95
24,652,146,115,31
25,1070,214,161,53
26,411,494,362,132
27,672,139,109,30
28,-4403,2357,1785,572
29,674,136,98,38
30,745,351,255,96
31,674,137,111,26
32,480,397,299,98
33,663,147,96,51
34,397,443,332,111
35,-4092,2784,2059,725
36,-4959,2574,1936,638
37,674,142,106,36
38,1015,209,169,40
39,1135,300,218,82
40,-4655,2272,1691,581
41,941,263,200,63
42,669,138,106,32
43,1114,282,213,69
44,1416,343,258,85
45,1033,226,172,54
46,1264,338,247,91
47,1134,541,384,157
48,1768,508,390,118
49,1049,521,409,112
50,-95,902,663,239
51,-4372,2779,2110,669
52,1290,1176,910,266
53,-3666,2706,2014,692
54,2005,647,486,161
55,1622,672,497,175
56,1589,592,446,146
57,2044,560,418,142
58,1884,489,369,120
59,1846,641,480,161
60,2040,750,565,185
61,1861,533,394,139
62,2388,803,609,194
63,2236,727,528,199
64,1908,622,472,150
65,2481,528,394,134
66,1820,422,301,121
67,1648,453,334,119
68,2260,585,449,136
69,947,264,199,65
70,1308,351,271,80
71,1321,324,231,93
72,2303,579,442,137
73,2524,793,598,195
74,1504,791,613,178
75,438,1109,851,258
76,1773,657,496,161
77,2199,476,353,123
78,1952,731,553,178
79,998,227,162,65
80,-3942,2649,1950,699
81,1860,610,448,162
82,1401,303,216,87
83,1471,354,252,102
84,1341,557,417,140
85,1220,389,279,110
86,1539,602,463,139
87,2105,895,664,231
88,2148,764,561,203
89,1721,583,448,135
90,2348,807,584,223
91,-4933,2420,1848,572
92,348,1162,878,284
93,886,289,218,71
94,2298,922,690,232
95,926,253,182,71
96,1343,379,281,98
97,2488,696,528,168
98,1690,517,381,136
99,2839,821,614,207
100,1917,671,511,160
101,1748,829,607,222
102,1316,345,260,85
103,2264,615,468,147
104,1320,1117,843,274
105,1427,566,438,128
106,1745,499,374,125
107,1683,791,617,174
108,1823,567,417,150
109,1236,618,470,148
110,2039,628,454,174
111,1405,297,219,78
112,1613,1083,819,264
113,2201,595,460,135
114,1831,533,410,123
115,1740,614,465,149
116,2276,904,681,223
117,1977,1065,800,265
118,1075,563,414,149
119,1178,432,324,108
120,2465,816,617,199
121,1878,505,372,133
122,2116,679,492,187
123,2163,637,482,155
124,1671,709,543,166
125,1992,607,451,156
126,1190,419,312,107
127,1386,315,245,70
128,1753,711,541,170
129,2136,657,493,164
130,2243,715,525,190
131,2015,569,416,153
132,1460,676,505,171
133,1259,564,416,148
134,1921,596,444,152
135,1880,639,490,149
136,2215,1157,852,305
137,1733,542,409,133
138,1073,650,493,157
139,1524,578,423,155
140,719,1216,892,324
141,1258,452,332,120
142,244,1619,1209,410
143,1799,664,492,172
144,1237,450,342,108
145,921,679,494,185
146,1237,730,543,187
147,1451,748,559,189
148,1136,470,364,106
149,1555,1059,793,266
150,1028,1065,808,257
151,1729,459,338,121
152,434,1620,1180,440
153,866,729,564,165
154,-735,2257,1693,564
155,1062,888,690,198
156,1607,462,352,110
157,1820,414,306,108
158,2017,669,504,165
159,1823,595,436,159
160,1056,498,372,126
161,2099,809,619,190
162,1898,769,581,188
163,818,1201,895,306
164,1412,449,326,123
165,1281,390,275,115
166,725,1651,1219,432
167,1405,329,247,82
168,1301,875,646,229
169,-2792,2416,1809,607
170,1765,393,287,106
171,1384,302,232,70
172,1922,565,428,137
173,1482,401,300,101
174,1350,414,315,99
175,1481,544,414,130
176,1250,1019,777,242
177,1790,643,473,170
178,2406,1119,839,280
179,1339,426,312,114
180,1223,481,364,117
181,1609,1091,833,258
182,1222,388,279,109
183,1725,455,353,102
184,1113,407,314,93
185,1542,714,555,159
186,456,1331,974,357
187,1739,739,561,178
188,1234,430,330,100
189,1398,707,538,169
190,1786,1079,810,269
191,1870,547,402,145
192,2413,783,567,216
193,1841,461,341,120
194,1103,365,275,90
195,2064,495,382,113
196,1722,485,357,128
197,1363,354,271,83
198,1105,449,312,137
199,2264,739,567,172
200,9,1877,1377,500
201,1753,645,480,165
202,1528,602,435,167
203,1730,476,341,135
204,1512,424,321,103
205,1955,569,441,128
206,1297,380,278,102
207,1419,308,231,77
208,2109,669,516,153
209,1704,492,359,133
210,1906,515,381,134
211,1066,768,567,201
212,1217,598,448,150
213,1756,593,449,144
214,1727,448,354,94
215,1699,455,342,113
216,2012,719,522,197
217,1586,573,437,136
218,1401,506,368,138
219,1893,639,480,159
220,2155,716,519,197
221,2209,576,450,126
222,2027,718,546,172
223,1898,1621,1202,419
224,175,1692,1252,440
225,1283,445,318,127
226,1480,355,258,97
227,2047,787,592,195
228,2242,636,482,154
229,1826,603,455,148
230,1582,689,526,163
231,2398,766,582,184
232,2503,919,683,236
233,1768,819,612,207
234,1589,522,387,135
235,1627,622,456,166
236,2478,868,654,214
237,1312,778,584,194
238,1938,993,765,228
239,1837,668,496,172
240,1571,430,322,108
241,1769,455,315,140
242,2126,808,577,231
243,2122,581,427,154
244,-201,1140,850,290
245,2016,508,399,109
246,2667,858,634,224
247,1814,587,447,140
248,-1978,2983,2222,761
249,1306,861,653,208
250,661,781,576,205
251,632,1226,926,300
252,1783,675,499,176
253,2037,520,392,128
254,1748,852,654,198
255,2214,481,354,127
256,2134,763,579,184
257,1632,778,574,204
258,2154,714,537,177
259,487,1136,859,277
260,2276,607,458,149
261,2101,874,662,212
262,1581,431,323,108
263,2177,677,508,169
264,1271,486,372,114
265,-1249,1997,1509,488
266,1743,716,543,173
267,1373,369,260,109
268,1478,605,465,140
269,1387,363,276,87
270,2355,588,458,130
271,2454,729,555,174
272,1537,385,291,94
273,2153,834,602,232
274,1384,312,234,78
275,1408,345,259,86
276,2530,665,512,153
277,1383,387,295,92
278,1851,579,458,121
279,1798,469,347,122
280,2280,611,460,151
281,1413,279,211,68
282,1878,470,360,110
283,1901,470,355,115
284,2433,824,618,206
285,2071,590,445,145
286,3312,842,643,199
287,2293,617,461,156
288,1375,356,255,101
289,2195,739,554,185
290,1926,646,476,170
291,2126,628,469,159
292,1402,443,344,99
293,980,233,164,69
294,2664,543,397,146
295,1868,523,395,128
296,2056,696,528,168
297,2144,621,476,145
298,2176,597,449,148
299,2830,952,704,248
300,2479,528,392,136
301,1559,393,275,118
302,3291,769,594,175
303,2066,473,362,111
304,1356,437,315,122
305,1857,560,423,137
306,2525,704,551,153
307,1965,570,437,133
308,1851,728,547,181
309,2604,728,555,173
310,2831,757,552,205
311,2735,676,511,165
312,2293,491,379,112
313,2003,379,270,109
314,2709,714,555,159
315,1442,290,220,70
316,3396,1730,1305,425
317,2203,546,413,133
318,2406,830,630,200
319,3207,774,589,185
320,2285,552,427,125
321,1543,368,284,84
322,1305,405,304,101
323,2839,711,543,168
324,1938,435,339,96
325,1388,332,241,91
326,2200,535,392,143
327,2562,448,343,105
328,2742,683,487,196
329,1416,309,231,78
330,2336,538,391,147
331,3142,627,473,154
332,2632,586,418,168
333,1426,353,264,89
334,1429,345,258,87
335,2446,806,586,220
336,2759,579,429,150
337,4525,1030,768,262
338,1395,349,258,91
339,1411,335,258,77
340,2614,639,475,164
341,3450,578,429,149
342,1986,393,304,89
343,2347,432,318,114
344,3586,716,532,184
345,2927,478,363,115
346,5496,1060,793,267
347,3063,563,430,133
348,1638,400,290,110
349,1852,345,256,89
350,3189,708,526,182
351,1451,267,216,51
352,2929,564,416,148
353,1927,461,362,99
354,2275,635,479,156
355,3088,829,624,205
356,1551,287,230,57
357,1804,355,265,90
358,2472,506,369,137
359,2969,504,377,127
360,1985,386,275,111
361,2967,567,424,143
362,1911,358,273,85
363,1875,323,251,72
364,4530,719,529,190
365,5062,3713,2771,942
366,2903,497,359,138
367,1787,399,287,112
368,2773,474,364,110
369,4520,2713,2040,673
370,3075,549,396,153
371,1797,355,263,92
372,1598,273,213,60
373,1431,282,212,70
374,1439,259,189,70
375,2264,412,314,98
376,3057,483,350,133
377,1464,273,198,75
378,2029,302,231,71
379,2405,484,359,125
380,1450,253,181,72
381,2493,518,371,147
382,2901,539,412,127
383,5601,1406,1068,338
384,2931,618,452,166
385,2145,361,264,97
386,2318,413,312,101
387,1703,294,222,72
388,2491,423,310,113
389,3059,634,480,154
390,2493,497,375,122
391,2253,416,321,95
392,2643,544,398,146
393,2579,485,371,114
394,1468,310,231,79
395,4262,802,581,221
396,2413,377,290,87
397,1452,231,171,60
398,5139,926,719,207
399,3422,748,548,200
400,2773,438,345,93
401,4401,768,579,189
402,3824,658,486,172
403,2969,551,425,126
404,1464,293,222,71
405,2039,317,228,89
406,1627,308,215,93
407,3792,3013,2224,789
408,3390,627,467,160
409,5264,3254,2441,813
410,2464,452,327,125
411,1468,246,177,69
412,1553,259,191,68
413,4891,854,635,219
414,2863,539,401,138
415,2581,465,338,127
416,3476,644,486,158
417,1446,221,164,57
418,2429,403,304,99
419,2414,424,313,111
420,1456,206,155,51
421,2180,476,343,133
422,1985,437,309,128
423,2791,480,354,126
424,2948,538,408,130
425,2209,326,252,74
426,1757,337,244,93
427,4440,633,471,162
428,2980,526,401,125
429,4544,2983,2209,774
430,5038,888,683,205
431,2264,354,271,83
432,2387,485,364,121
433,3111,512,381,131
434,1450,298,231,67
435,1940,301,233,68
436,4113,1860,1386,474
437,3735,656,484,172
438,1577,232,168,64
439,2427,480,375,105
440,2773,539,403,136
441,3547,671,478,193
442,2356,405,304,101
443,3814,2956,2221,735
444,4129,751,577,174
445,2671,501,371,130
446,2151,467,335,132
447,4092,2898,2150,748
448,1817,308,217,91
449,2446,407,298,109
450,1884,306,221,85
451,2424,484,356,128
452,3965,617,473,144
453,2718,512,376,136
454,3807,651,483,168
455,1814,252,199,53
456,3705,620,473,147
457,1685,305,219,86
458,2576,393,291,102
459,2160,405,300,105
460,4465,776,583,193
461,1530,299,215,84
462,3458,465,346,119
463,2627,460,355,105
464,1958,350,267,83
465,2482,441,323,118
466,3992,782,590,192
467,3200,636,474,162
468,2957,520,381,139
469,2390,385,283,102
470,2059,337,259,78
471,2242,414,293,121
472,6238,1901,1418,483
473,3015,476,355,121
474,3396,530,397,133
475,3637,630,480,150
476,2036,279,209,70
477,3603,659,500,159
478,1989,319,253,66
479,3576,607,461,146
480,2635,458,334,124
481,4583,901,660,241
482,2610,537,397,140
483,3332,640,481,159
484,2677,479,370,109
485,1455,259,197,62
486,2186,369,263,106
487,1964,322,238,84
488,4502,2934,2211,723
489,3678,617,481,136
490,3276,612,463,149
491,1963,339,270,69
492,2996,543,423,120
493,2678,642,477,165
494,1833,297,223,74
495,1623,269,209,60
496,1650,285,202,83
497,1987,371,286,85
498,2784,483,365,118
499,2072,293,226,67
500,3477,520,397,123
501,4791,3135,2356,779
502,2899,539,401,138
503,3228,546,413,133
504,5148,874,646,228
505,2038,364,286,78
506,2670,542,397,145
507,1688,307,239,68
508,1967,291,204,87
509,2841,519,393,126
510,2473,474,351,123
511,1628,309,231,78
512,2115,376,283,93
513,4635,3211,2413,798
514,4980,3068,2318,750
515,1437,271,194,77
516,3242,662,480,182
517,2469,440,332,108
518,1489,227,165,62
519,3766,655,492,163
520,2993,573,429,144
521,1952,367,263,104
522,2367,463,343,120
523,2866,449,338,111
524,2513,422,311,111
525,3114,539,398,141
526,1897,282,207,75
527,3061,530,381,149
528,3653,719,564,155
529,2949,532,405,127
530,3616,636,485,151
531,1450,232,173,59
532,2231,364,284,80
533,3241,533,390,143
534,2349,398,301,97
535,2796,494,371,123
536,2653,501,373,128
537,2674,477,352,125
538,4589,786,582,204
539,2137,321,246,75
540,1462,249,175,74
541,3980,754,564,190
542,2212,463,338,125
543,3835,644,491,153
544,3147,590,446,144
545,2363,502,393,109
546,2158,355,259,96
547,3097,509,381,128
548,2016,393,284,109
549,3007,434,327,107
550,2990,531,408,123
551,3588,627,458,169
552,3552,612,476,136
553,1455,244,174,70
554,2424,436,330,106
555,1420,267,180,87
556,4963,939,691,248
557,2811,515,384,131
558,2438,479,345,134
559,4760,1036,758,278
560,4415,719,547,172
561,2599,502,367,135
562,4672,910,682,228
563,1488,246,185,61
564,3087,639,485,154
565,2447,419,310,109
566,4282,3034,2261,773
567,1700,344,252,92
568,2260,422,320,102
569,2141,375,275,100
570,1923,388,289,99
571,3544,616,450,166
572,2860,615,437,178
573,2580,356,269,87
574,4290,2915,2165,750
575,3712,708,514,194
576,2812,600,432,168
577,2792,447,319,128
578,1560,277,206,71
579,3308,558,407,151
580,1466,240,175,65
581,2466,438,332,106
582,2785,518,387,131
583,2400,422,296,126
584,2111,399,304,95
585,2975,509,375,134
586,1627,292,218,74
587,2084,393,284,109
588,2391,463,334,129
589,2890,468,361,107
590,1974,301,222,79
591,1871,343,267,76
592,1660,239,181,58
593,2489,391,296,95
594,3864,2989,2253,736
595,1556,255,188,67
596,1571,225,181,44
597,1961,345,274,71
598,3096,580,441,139
599,3033,551,406,145
600,2029,360,274,86
601,2026,343,259,84
602,2548,393,309,84
603,4472,930,689,241
604,1533,240,179,61
605,2908,491,378,113
606,2058,321,233,88
607,1436,236,186,50
608,2097,401,293,108
609,1434,291,229,62
610,1997,329,252,77
611,1810,309,240,69
612,3991,3022,2265,757
613,2769,375,276,99
614,1726,255,179,76
615,3611,676,504,172
616,4309,747,554,193
617,1450,228,170,58
618,1545,249,184,65
619,4692,788,577,211
620,5070,4092,3044,1048
621,4291,893,656,237
622,1452,258,199,59
623,2447,398,304,94
624,4286,3077,2315,762
625,4773,743,564,179
626,3268,478,375,103
627,2061,481,368,113
628,3131,576,432,144
629,2386,374,288,86
630,4612,852,659,193
631,3296,2840,2113,727
632,2041,308,230,78
633,3024,484,359,125
634,2664,620,444,176
635,1443,297,203,94
636,1572,294,218,76
637,3560,656,479,177
638,3351,608,454,154
639,2095,442,311,131
640,1699,268,197,71
641,2538,537,383,154
642,2174,404,306,98
643,1487,272,198,74
644,2659,473,366,107
645,2041,451,326,125
646,5040,3200,2371,829
647,2797,492,368,124
648,2111,468,351,117
649,1879,382,287,95
650,2268,419,307,112
651,2514,499,370,129
652,1407,235,173,62
653,4839,3038,2252,786
654,3489,587,440,147
655,1473,282,209,73
656,3218,567,436,131
657,2725,382,286,96
658,2016,396,292,104
659,3783,631,478,153
660,1558,242,189,53
661,2915,573,438,135
662,1683,326,251,75
663,1456,329,237,92
664,2475,406,305,101
665,4669,3120,2328,792
666,2481,407,309,98
667,3072,508,373,135
668,2662,454,357,97
669,2857,453,346,107
670,4079,703,532,171
671,2404,395,309,86
672,2039,482,343,139
673,2885,461,344,117
674,3844,726,542,184
675,2663,461,339,122
676,2605,423,325,98
677,1891,318,233,85
678,2760,483,362,121
679,3516,595,442,153
680,2682,505,396,109
681,2155,401,299,102
682,1964,388,306,82
683,2463,543,404,139
684,5586,852,632,220
685,1480,219,166,53
686,5125,979,755,224
687,2466,422,316,106
688,2969,552,390,162
689,1811,328,247,81
690,3969,629,481,148
691,2991,493,370,123
692,3813,5193,3965,1228
693,3004,535,414,121
694,3455,615,472,143
695,2915,519,391,128
696,2849,472,368,104
697,1689,291,228,63
698,1600,246,189,57
699,4101,2957,2199,758
700,2494,425,324,101
701,3380,560,435,125
702,3320,509,384,125
703,1762,314,253,61
704,5238,1029,764,265
705,4487,3844,2924,920
706,2539,397,301,96
707,2034,302,236,66
708,1827,306,236,70
709,1830,345,256,89
710,3977,712,550,162
711,1849,369,275,94
712,2456,475,349,126
713,2554,501,367,134
714,1531,294,216,78
715,2009,383,279,104
716,1450,224,169,55
717,3194,590,438,152
718,1783,319,238,81
719,4573,3095,2279,816
720,1579,265,198,67
721,2797,413,296,117
722,1765,369,271,98
723,1440,273,206,67
724,2621,400,305,95
725,1805,279,220,59
726,3644,604,452,152
727,1437,255,201,54
728,2016,283,221,62
729,5528,1054,809,245
730,4329,2182,1654,528
731,2928,667,499,168
732,1575,257,191,66
733,2493,466,351,115
734,1773,345,252,93
735,2541,432,324,108
736,5142,1914,1431,483
737,1475,320,228,92
738,4049,735,537,198
739,3057,475,355,120
740,2277,396,297,99
741,1445,298,229,69
742,1831,311,230,81
743,3527,591,438,153
744,5136,981,731,250
745,1992,393,295,98
746,1461,246,176,70
747,1456,269,203,66
748,1797,283,211,72
749,2979,469,347,122
750,2424,424,315,109
751,2514,454,334,120
752,1799,339,256,83
753,3851,672,500,172
754,2425,411,305,106
755,2720,512,404,108
756,2371,371,285,86
757,2333,424,311,113
758,4353,2968,2212,756
759,2108,357,261,96
760,2993,504,375,129
761,3862,747,540,207
762,5728,925,688,237
763,2736,437,322,115
764,2683,478,340,138
765,5411,3583,2658,925
766,3907,3115,2354,761
767,4649,868,635,233
768,4579,5398,4048,1350
769,4838,780,557,223
770,2873,538,415,123
771,2467,489,367,122
772,4271,641,480,161
773,5331,885,678,207
774,5877,1041,779,262
775,2686,487,358,129
776,4892,2332,1738,594
777,3856,2998,2207,791
778,5037,2345,1721,624
779,3419,641,478,163
780,2045,332,248,84
781,2755,471,355,116
782,2870,610,454,156
783,2004,350,263,87
784,2502,385,296,89
785,2746,405,302,103
786,1443,308,222,86
787,3008,546,402,144
788,2856,506,390,116
789,4175,689,526,163
790,3054,518,366,152
791,1835,327,240,87
792,2271,524,359,165
793,1777,406,307,99
794,2768,431,303,128
795,1440,247,189,58
796,1457,213,153,60
797,3510,2910,2176,734
798,2423,450,338,112
799,4469,3108,2344,764
800,3301,545,423,122
801,1601,320,231,89
802,3129,580,437,143
803,1455,249,189,60
804,2877,539,412,127
805,2613,589,443,146
806,4650,878,644,234
807,2708,455,326,129
808,2334,373,273,100
809,2442,534,418,116
810,1716,256,187,69
811,1534,261,199,62
812,2110,361,267,94
813,3262,541,414,127
814,1660,259,190,69
815,1977,368,278,90
816,2492,427,308,119
817,4853,906,692,214
818,3409,759,564,195
819,2005,363,270,93
820,1533,304,224,80
821,1535,226,170,56
822,2787,483,366,117
823,4712,3235,2431,804
824,2410,492,362,130
825,3679,726,539,187
826,2447,491,364,127
827,1554,261,198,63
828,3580,2770,2043,727
829,3388,694,515,179
830,1904,325,234,91
831,4772,1303,993,310
832,1685,310,225,85
833,5446,2506,1860,646
834,5193,3278,2461,817
835,2538,413,301,112
836,4058,567,412,155
837,1528,270,207,63
838,1557,291,223,68
839,3061,530,388,142
840,3904,817,599,218
841,2415,391,294,97
842,5228,1787,1345,442
843,1820,313,231,82
844,2290,414,302,112
845,3743,658,492,166
846,2466,463,349,114
847,2835,486,361,125
848,2767,520,395,125
849,2451,427,324,103
850,5146,1211,925,286
851,1990,349,265,84
852,2198,361,272,89
853,3041,613,465,148
854,3214,531,406,125
855,2032,347,262,85
856,3209,551,424,127
857,4013,595,446,149
858,3550,673,494,179
859,1452,247,183,64
860,2217,381,295,86
861,2493,517,358,159
862,3754,671,524,147
863,5140,1383,1041,342
864,2696,513,388,125
865,2580,469,350,119
866,3473,709,494,215
867,2123,406,314,92
868,2556,524,386,138
869,2067,374,273,101
870,2249,303,228,75
871,1854,257,202,55
872,1468,271,215,56
873,1687,293,215,78
874,4954,3975,2969,1006
875,2769,541,417,124
876,2492,609,439,170
877,3790,668,485,183
878,4526,4107,3042,1065
879,1823,352,262,90
880,2517,380,301,79
881,2460,470,356,114
882,5562,1444,1071,373
883,4518,725,547,178
884,2045,351,265,86
885,5091,836,634,202
886,2210,374,278,96
887,2359,484,357,127
888,3387,659,507,152
889,3069,502,388,114
890,2246,368,292,76
891,1475,216,175,41
892,2514,429,320,109
893,4072,3524,2627,897
894,3773,686,507,179
895,3155,420,310,110
896,2481,507,373,134
897,2024,399,309,90
898,3577,693,512,181
899,1469,223,175,48
900,2474,445,318,127
901,5059,1051,788,263
902,1948,347,264,83
903,2738,500,378,122
904,2350,478,353,125
905,2477,420,310,110
906,1845,253,178,75
907,2563,399,315,84
908,3350,2841,2131,710
909,2066,321,239,82
910,1812,350,267,83
911,2885,428,329,99
912,2713,421,318,103
913,3578,643,489,154
914,4668,1557,1132,425
915,1982,356,266,90
916,1552,281,203,78
917,2023,379,284,95
918,3360,559,422,137
919,3234,627,455,172
920,2973,522,375,147
921,2805,434,337,97
922,3574,586,433,153
923,3547,588,447,141
924,1981,436,319,117
925,4717,3146,2384,762
926,2077,327,246,81
927,2916,515,400,115
928,2007,335,259,76
929,3373,605,481,124
930,4607,910,672,238
931,2216,419,302,117
932,5320,2364,1770,594
933,4130,714,545,169
934,1800,261,205,56
935,4231,5265,3959,1306
936,3674,695,517,178
937,4168,751,559,192
938,2223,404,300,104
939,2729,713,507,206
940,1973,285,211,74
941,3544,558,435,123
942,2134,350,270,80
943,4091,681,522,159
944,3126,558,417,141
945,2472,434,328,106
946,2419,490,369,121
947,2482,437,328,109
948,1572,377,270,107
949,2812,526,394,132
950,3380,513,404,109
951,2391,464,348,116
952,3110,572,425,147
953,6837,1331,1016,315
954,2967,529,393,136
955,2594,477,329,148
956,3225,614,446,168
957,1975,309,247,62
958,2799,385,285,100
959,2358,429,320,109
960,2096,316,224,92
961,2335,459,356,103
962,3225,518,397,121
963,1911,359,272,87
964,3048,547,386,161
965,2954,621,464,157
966,2872,444,348,96
967,3372,624,463,161
968,1448,274,217,57
969,3292,608,465,143
970,4011,780,571,209
971,3627,718,570,148
972,2026,351,260,91
973,2741,553,401,152
974,6266,1393,1060,333
975,1567,255,197,58
976,2027,302,223,79
977,3121,527,407,120
978,1960,341,268,73
979,5550,984,763,221
980,2979,520,377,143
981,4647,671,521,150
982,3834,665,500,165
983,1987,315,240,75
984,1682,290,207,83
985,3460,652,502,150
986,2976,563,418,145
987,3156,552,411,141
988,4339,3060,2314,746
989,1681,292,218,74
990,3279,570,429,141
991,1542,250,187,63
992,2687,458,361,97
993,4269,696,515,181
994,2570,400,310,90
995,2908,456,337,119
996,4810,945,720,225
997,4860,2494,1857,637
998,2100,390,273,117
999,2013,345,249,96
1000,4120,671,518,153
1001,2656,436,329,107
1002,4977,1019,765,254
1003,2716,446,339,107
1004,2019,355,246,109
1005,1818,309,246,63
1006,4392,793,602,191
1007,3057,517,398,119
1008,1487,211,157,54
1009,4337,797,581,216
1010,1535,327,241,86
1011,3774,602,457,145
1012,2034,442,345,97
1013,1990,316,236,80
1014,1968,393,297,96
1015,2513,405,298,107
1016,2488,434,341,93
1017,3846,685,520,165
1018,1989,307,238,69
1019,4057,736,553,183
1020,1814,350,268,82
1021,1904,379,265,114
1022,3053,503,382,121
1023,3344,639,476,163
1024,2653,495,351,144
1025,2266,352,278,74
1026,2562,430,337,93
1027,3636,754,553,201
1028,3007,536,394,142
1029,2816,550,399,151
1030,1447,256,190,66
1031,4903,879,648,231
1032,2641,538,395,143
1033,3528,714,524,190
1034,1704,306,230,76
1035,4028,3012,2275,737
1036,2535,401,293,108
1037,3377,666,512,154
1038,1397,392,303,89
1039,1960,388,271,117
1040,3737,673,499,174
1041,2684,523,390,133
1042,1482,281,198,83
1043,2031,307,232,75
1044,2382,535,387,148
1045,3980,2932,2200,732
1046,1470,272,206,66
1047,2572,445,311,134
1048,2947,546,388,158
1049,2916,424,305,119
1050,1851,339,253,86
1051,3415,612,446,166
1052,4898,892,677,215
1053,1535,290,206,84
1054,3268,564,415,149
1055,2081,369,289,80
1056,1464,286,218,68
1057,1450,288,213,75
1058,5638,2193,1652,541
1059,5090,940,710,230
1060,1535,315,235,80
1061,2391,396,295,101
1062,1431,284,206,78
1063,4125,1434,1078,356
1064,3333,610,459,151
1065,1450,249,189,60
1066,3491,566,425,141
1067,4893,3313,2511,802
1068,4585,829,638,191
1069,1484,243,178,65
1070,2654,452,339,113
1071,2992,622,460,162
1072,3115,650,489,161
1073,1667,252,199,53
1074,2400,460,345,115
1075,1967,447,343,104
1076,2617,391,280,111
1077,2004,470,345,125
1078,3832,2904,2184,720
1079,5315,879,681,198
1080,2486,521,358,163
1081,1536,335,248,87
1082,4949,3209,2425,784
1083,2201,384,299,85
1084,2498,489,355,134
1085,4257,2919,2186,733
1086,2855,494,367,127
1087,2468,503,395,108
1088,2265,340,257,83
1089,1447,225,161,64
1090,3223,677,479,198
1091,1555,269,204,65
1092,3930,702,540,162
1093,5881,1039,762,277
1094,1878,361,258,103
1095,4030,785,597,188
1096,1928,306,217,89
1097,2701,478,377,101
1098,3323,5113,3869,1244
1099,4393,3067,2293,774
1100,2983,561,418,143
1101,3782,624,474,150
1102,4282,807,588,219
1103,4524,760,559,201
1104,4691,3100,2321,779
1105,3282,477,346,131
1106,2123,360,274,86
1107,1828,252,188,64
1108,3888,627,481,146
1109,1465,233,174,59
1110,2849,439,338,101
1111,2795,490,382,108
1112,3321,754,562,192
1113,2519,432,320,112
1114,5642,1124,846,278
1115,4059,849,650,199
1116,3845,681,531,150
1117,1711,284,222,62
1118,1560,239,188,51
1119,2708,514,379,135
1120,5062,3397,2531,866
1121,5272,1116,835,281
1122,2513,449,337,112
1123,2441,342,256,86
1124,2499,462,344,118
1125,1479,438,320,118
1126,1466,281,218,63
1127,3543,587,438,149
1128,2958,638,477,161
1129,2687,492,360,132
1130,2092,342,247,95
1131,4517,3079,2282,797
1132,2455,433,308,125
1133,3531,640,473,167
1134,1933,386,299,87
1135,4913,960,709,251
1136,2586,387,301,86
1137,3183,2884,2127,757
1138,6208,995,754,241
1139,1473,247,183,64
1140,1563,364,284,80
1141,1553,246,185,61
1142,3195,640,458,182
1143,3695,511,401,110
1144,5835,904,669,235
1145,1436,297,232,65
1146,3959,733,562,171
1147,2691,571,420,151
1148,2341,401,291,110
1149,2178,349,262,87
1150,3652,625,465,160
1151,1795,284,210,74
1152,1843,272,207,65
1153,3455,635,470,165
1154,2101,399,285,114
1155,1935,429,322,107
1156,2439,455,351,104
1157,3949,3044,2274,770
1158,2834,433,315,118
1159,2738,531,398,133
1160,2548,404,295,109
1161,5139,988,727,261
1162,1970,327,251,76
1163,4255,790,612,178
1164,3057,492,377,115
1165,3292,557,433,124
1166,2918,651,481,170
1167,3342,660,501,159
1168,3386,634,449,185
1169,1445,266,202,64
1170,5753,1013,768,245
1171,3354,642,479,163
1172,2415,383,288,95
1173,5101,1113,851,262
1174,2341,407,301,106
1175,5613,1718,1286,432
1176,1768,371,264,107
1177,1424,273,216,57
1178,2533,406,306,100
1179,1757,332,252,80
1180,2053,386,280,106
1181,1844,361,270,91
1182,3398,570,434,136
1183,2056,299,225,74
1184,2057,383,288,95
1185,2292,439,323,116
1186,4457,829,621,208
1187,2841,473,356,117
1188,3062,525,370,155
1189,2669,455,334,121
1190,3304,2768,2106,662
1191,4029,2997,2272,725
1192,5325,3744,2824,920
1193,2033,335,232,103
1194,4603,823,615,208
1195,1459,247,194,53
1196,2452,527,399,128
1197,1540,296,217,79
1198,3348,530,401,129
1199,2798,368,275,93
1200,3919,3040,2256,784
1201,2753,597,448,149
1202,2691,461,350,111
1203,3980,778,595,183
1204,1543,240,179,61
1205,3423,653,487,166
1206,3325,5175,3839,1336
1207,2411,419,331,88
1208,5241,893,668,225
1209,2463,421,311,110
1210,5087,860,661,199
1211,5415,1093,809,284
1212,2024,387,289,98
1213,4294,792,591,201
1214,2348,395,301,94
1215,3303,2788,2085,703
1216,1968,292,224,68
1217,1540,287,194,93
1218,2711,460,361,99
1219,5434,1846,1393,453
1220,2582,599,453,146
1221,2752,453,360,93
1222,5186,1039,793,246
1223,4716,3076,2286,790
1224,2059,288,217,71
1225,4290,3038,2266,772
1226,1534,269,209,60
1227,3018,496,364,132
1228,1537,286,221,65
1229,1444,219,158,61
1230,1540,257,192,65
1231,3560,744,565,179
1232,2225,473,349,124
1233,1455,219,172,47
1234,2771,595,450,145
1235,4885,1791,1323,468
1236,1477,228,158,70
1237,2131,373,288,85
1238,2686,462,352,110
1239,3055,551,409,142
1240,1424,230,166,64
1241,2956,558,416,142
1242,1482,253,190,63
1243,3717,654,492,162
1244,3226,508,368,140
1245,2472,479,355,124
1246,2795,513,391,122
1247,2916,546,410,136
1248,4031,650,473,177
1249,3171,622,464,158
1250,3413,2874,2162,712
1251,3102,525,392,133
1252,2868,477,371,106
1253,1456,203,149,54
1254,2351,495,362,133
1255,4695,796,588,208
1256,3303,582,447,135
1257,2480,442,325,117
1258,3422,548,410,138
1259,5147,960,726,234
1260,4941,824,618,206
1261,3932,697,525,172
1262,5164,944,707,237
1263,3063,445,343,102
1264,5092,1932,1450,482
1265,3503,630,482,148
1266,3911,597,446,151
1267,3029,386,291,95
1268,1481,271,192,79
1269,1972,352,262,90
1270,3473,594,451,143
1271,2790,462,333,129
1272,2396,435,336,99
1273,2866,555,409,146
1274,1457,265,189,76
1275,3803,615,458,157
1276,2778,497,365,132
1277,2890,601,449,152
1278,3643,582,430,152
1279,3458,728,553,175
1280,2268,351,265,86
1281,1776,342,264,78
1282,2607,424,320,104
1283,1440,254,203,51
1284,4499,848,636,212
1285,3396,709,538,171
1286,5286,821,625,196
1287,4657,3062,2336,726
1288,4814,3116,2336,780
1289,5036,845,643,202
1290,2001,365,276,89
1291,1565,267,202,65
1292,2306,431,327,104
1293,3055,485,358,127
1294,1660,337,246,91
1295,2237,537,392,145
1296,2662,491,358,133
1297,3759,616,458,158
1298,4012,683,505,178
1299,4049,718,545,173
1300,2473,468,356,112
1301,2802,485,371,114
1302,2409,433,319,114
1303,2045,370,264,106
1304,1107,193,149,44
1305,2508,536,389,147
1306,3453,609,461,148
1307,2390,497,345,152
1308,2759,569,433,136
1309,2807,521,379,142
1310,2624,435,317,118
1311,3236,590,471,119
1312,2577,521,397,124
1313,1465,307,223,84
1314,4429,647,487,160
1315,4404,2938,2233,705
1316,1922,334,239,95
1317,4998,3322,2434,888
1318,2327,471,348,123
1319,4919,758,578,180
1320,4948,953,715,238
1321,2591,393,286,107
1322,2654,519,391,128
1323,4258,5262,3967,1295
1324,1450,251,195,56
1325,2513,406,310,96
1326,1455,261,202,59
1327,2024,343,243,100
1328,4414,3169,2344,825
1329,3359,2826,2107,719
1330,2501,485,343,142
1331,2369,418,330,88
1332,1460,245,193,52
1333,2411,435,326,109
1334,2652,483,351,132
1335,2893,428,317,111
1336,2788,470,347,123
1337,3376,518,385,133
1338,1435,277,218,59
1339,1841,347,271,76
1340,2884,578,410,168
1341,2477,389,310,79
1342,1839,333,242,91
1343,1670,266,195,71
1344,5681,1015,763,252
1345,2613,569,434,135
1346,3021,494,364,130
1347,1853,462,337,125
1348,1913,392,279,113
1349,1413,238,184,54
1350,2237,404,300,104
1351,1456,294,232,62
1352,4795,868,642,226
1353,3771,3021,2240,781
1354,2433,417,331,86
1355,3018,515,391,124
1356,3392,5103,3837,1266
1357,1541,293,222,71
1358,5813,1305,975,330
1359,1518,250,190,60
1360,1745,253,188,65
1361,2307,434,328,106
1362,2939,573,427,146
1363,3366,540,418,122
1364,2810,503,384,119
1365,5722,1383,1028,355
1366,3636,655,489,166
1367,1454,258,186,72
1368,3003,567,406,161
1369,2226,367,271,96
1370,4474,1663,1243,420
1371,1539,326,255,71
1372,2910,618,470,148
1373,3152,438,337,101
1374,3175,611,443,168
1375,3517,669,505,164
1376,2461,453,349,104
1377,2027,387,290,97
1378,2705,524,399,125
1379,2763,590,442,148
1380,2524,442,343,99
1381,5171,940,726,214
1382,3918,611,447,164
1383,4373,3213,2415,798
1384,1816,329,254,75
1385,5038,846,648,198
1386,2762,468,349,119
1387,3352,599,468,131
1388,3331,532,405,127
1389,3190,624,476,148
1390,3135,566,423,143
1391,4981,932,696,236
1392,3379,619,459,160
1393,2051,368,288,80
1394,1995,396,298,98
1395,4690,925,690,235
1396,3224,486,364,122
1397,2716,413,327,86
1398,3195,538,387,151
1399,1509,306,230,76
1400,2690,488,369,119
1401,3077,521,386,135
1402,4795,822,652,170
1403,729,119,95,24
1404,3441,565,412,153
1405,1836,332,255,77
1406,4846,1437,1061,376
1407,5034,861,648,213
1408,5946,1157,879,278
1409,3008,568,427,141
1410,1562,223,167,56
1411,2560,424,312,112
1412,3008,588,432,156
1413,3986,785,581,204
1414,2025,328,247,81
1415,2544,499,358,141
1416,2454,534,404,130
1417,3311,514,383,131
1418,2901,612,455,157
1419,4293,3086,2291,795
1420,1584,324,243,81
1421,5942,1790,1347,443
1422,1911,318,237,81
1423,2046,336,260,76
1424,3800,2924,2178,746
1425,1571,305,231,74
1426,3468,573,417,156
1427,4824,3244,2478,766
1428,2420,418,308,110
1429,4574,972,729,243
1430,2665,435,341,94
1431,5296,1664,1237,427
1432,2479,425,315,110
1433,2372,442,333,109
1434,3036,523,381,142
1435,4420,727,546,181
1436,2217,493,353,140
1437,1641,245,178,67
1438,4505,3025,2304,721
1439,1438,245,192,53
1440,3299,517,405,112
1441,3460,561,397,164
1442,1955,313,232,81
1443,2580,455,346,109
1444,2833,444,350,94
1445,2328,505,361,144
1446,4613,785,578,207
1447,2036,389,289,100
1448,2464,465,330,135
1449,4970,2748,2060,688
1450,1938,400,317,83
1451,4558,3038,2281,757
1452,2506,476,358,118
1453,2457,507,388,119
1454,2064,369,269,100
1455,4775,759,556,203
1456,3438,591,440,151
1457,1546,251,195,56
1458,4649,3147,2356,791
1459,5191,756,569,187
1460,2029,354,257,97
1461,4821,852,639,213
1462,2710,561,413,148
1463,1434,312,238,74
1464,1440,251,191,60
1465,2239,389,303,86
1466,1685,303,217,86
1467,3184,613,467,146
1468,2045,338,260,78
1469,5357,1091,809,282
1470,2683,400,306,94
1471,1442,256,190,66
1472,2493,401,302,99
1473,1977,312,227,85
1474,1449,252,182,70
1475,5872,2253,1682,571
1476,4961,1433,1047,386
1477,1539,325,220,105
1478,2760,601,462,139
1479,1424,255,190,65
1480,2447,412,310,102
1481,4613,1047,767,280
1482,3021,522,379,143
1483,3662,550,428,122
1484,3842,595,464,131
1485,1435,259,207,52
1486,2845,480,352,128
1487,1985,335,264,71
1488,3929,3069,2309,760
1489,2420,435,335,100
1490,2011,412,316,96
1491,4527,889,663,226
1492,3873,701,521,180
1493,2659,489,360,129
1494,2395,578,432,146
1495,1799,352,281,71
1496,1544,303,217,86
1497,1958,362,268,94
1498,1972,365,272,93
1499,2755,567,421,146
1500,2210,416,302,114
1501,1947,446,346,100
1502,1535,329,226,103
1503,1647,263,205,58
1504,2758,494,390,104
1505,5218,969,713,256
1506,2405,435,323,112
1507,3369,600,434,166
1508,3807,601,452,149
1509,3163,711,519,192
1510,4264,657,495,162
1511,2387,513,373,140
1512,3004,482,376,106
1513,3317,582,443,139
1514,3135,636,476,160
1515,4343,684,506,178
1516,2045,293,212,81
1517,5600,1200,880,320
1518,2709,538,405,133
1519,3459,617,482,135
1520,1921,309,235,74
1521,5191,3540,2604,936
1522,2134,365,298,67
1523,3675,644,488,156
1524,3224,594,449,145
1525,3040,562,423,139
1526,2748,558,413,145
1527,2737,535,406,129
1528,1703,263,205,58
1529,5307,2157,1589,568
1530,2811,536,402,134
1531,3212,643,471,172
1532,2473,371,267,104
1533,1997,358,269,89
1534,3209,684,483,201
1535,3089,537,386,151
1536,2417,355,266,89
1537,4730,1054,782,272
1538,3704,666,527,139
1539,4646,849,636,213
1540,2869,595,434,161
1541,1952,323,234,89
1542,4059,2963,2227,736
1543,2324,494,376,118
1544,1647,264,199,65
1545,2949,548,414,134
1546,1444,291,225,66
1547,5812,962,713,249
1548,1394,351,262,89
1549,1549,284,231,53
1550,2447,527,388,139
1551,3933,2919,2160,759
1552,3832,753,550,203
1553,3667,5334,3954,1380
1554,3878,1926,1424,502
1555,3765,599,434,165
1556,2970,451,330,121
1557,2771,577,439,138
1558,2747,468,345,123
1559,2643,622,474,148
1560,3500,573,445,128
1561,4707,854,637,217
1562,2404,383,277,106
1563,3409,511,396,115
1564,3371,5165,3905,1260
1565,2854,454,340,114
1566,3279,2803,2123,680
1567,3958,592,449,143
1568,2808,481,356,125
1569,2975,486,364,122
1570,2993,493,380,113
1571,3061,542,404,138
1572,2514,532,390,142
1573,2014,353,266,87
1574,4041,730,548,182
1575,2591,475,353,122
1576,1943,422,308,114
1577,4620,1188,886,302
1578,4736,2990,2240,750
1579,1461,244,185,59
1580,1805,320,247,73
1581,3651,685,495,190
1582,6040,1925,1467,458
1583,1434,281,229,52
1584,3322,685,503,182
1585,2916,490,366,124
1586,2867,536,390,146
1587,2470,434,322,112
1588,5408,2178,1624,554
1589,4777,3117,2358,759
1590,2661,601,443,158
1591,4565,808,614,194
1592,2911,622,467,155
1593,4137,3233,2434,799
1594,2761,392,287,105
1595,4584,754,568,186
1596,1425,251,187,64
1597,1816,278,212,66
1598,4051,3016,2308,708
1599,1468,251,183,68
1600,1543,213,164,49
1601,2787,623,456,167
1602,2553,451,326,125
1603,2436,485,370,115
1604,2723,489,375,114
1605,1916,290,216,74
1606,2804,489,369,120
1607,3767,2913,2167,746
1608,2431,500,353,147
1609,5362,1088,797,291
1610,1462,217,170,47
1611,3055,548,376,172
1612,3012,475,346,129
1613,1956,305,232,73
1614,4600,3269,2460,809
1615,4485,803,601,202
1616,2464,410,309,101
1617,2003,374,293,81
1618,1449,290,212,78
1619,4497,3187,2400,787
1620,3368,668,507,161
1621,1898,354,269,85
1622,3774,3042,2260,782
1623,2264,347,275,72
1624,3421,542,414,128
1625,4330,821,594,227
1626,2077,284,203,81
1627,3204,591,452,139
1628,2527,449,334,115
1629,2379,387,280,107
1630,3360,684,523,161
1631,2374,440,310,130
1632,2920,547,421,126
1633,2667,521,410,111
1634,2506,366,279,87
1635,2681,498,381,117
1636,2940,617,455,162
1637,2836,449,333,116
1638,2612,493,366,127
1639,1993,339,247,92
1640,4909,986,747,239
1641,2735,464,331,133
1642,5354,1561,1159,402
1643,4572,3065,2318,747
1644,4462,3069,2280,789
1645,2045,446,335,111
1646,4936,3197,2362,835
1647,3465,585,444,141
1648,2193,438,332,106
1649,3251,520,401,119
1650,2807,555,419,136
1651,1451,357,257,100
1652,4476,857,643,214
1653,3811,685,525,160
1654,2711,576,426,150
1655,2382,477,344,133
1656,3638,5191,3906,1285
1657,3330,600,450,150
1658,2505,378,280,98
1659,3107,603,452,151
1660,3098,559,420,139
1661,4110,775,578,197
1662,1450,256,202,54
1663,2428,335,264,71
1664,5134,976,741,235
1665,3068,464,343,121
1666,1967,384,280,104
1667,3253,544,404,140
1668,3210,615,457,158
1669,2599,413,311,102
1670,2250,334,259,75
1671,4339,794,601,193
1672,2655,514,381,133
1673,2035,280,206,74
1674,3722,2963,2250,713
1675,3439,597,441,156
1676,1481,230,161,69
1677,1696,307,239,68
1678,4493,794,582,212
1679,2510,435,335,100
1680,1433,305,231,74
1681,1580,342,255,87
1682,2392,439,331,108
1683,3233,496,390,106
1684,3361,663,496,167
1685,1700,317,243,74
1686,2406,391,284,107
1687,2386,392,303,89
1688,2253,424,322,102
1689,2795,463,330,133
1690,4473,766,590,176
1691,1514,299,223,76
1692,2051,398,287,111
1693,4442,786,585,201
1694,2150,404,302,102
1695,1555,242,187,55
1696,1657,310,247,63
1697,2836,495,368,127
1698,2047,366,270,96
1699,3133,623,467,156
1700,2135,568,412,156
1701,2468,418,304,114
1702,1443,274,200,74
1703,2722,474,363,111
1704,1876,337,254,83
1705,2766,627,474,153
1706,2315,364,280,84
1707,3089,2816,2119,697
1708,4488,806,620,186
1709,2486,384,283,101
1710,3197,624,471,153
1711,1454,265,190,75
1712,2779,450,360,90
1713,2554,481,372,109
1714,2495,582,428,154
1715,2421,460,352,108
1716,1535,311,233,78
1717,3996,845,624,221
1718,3507,635,484,151
1719,3453,2850,2175,675
1720,2408,386,302,84
1721,1817,325,232,93
1722,2859,542,392,150
1723,1883,392,291,101
1724,3365,663,504,159
1725,5526,1146,847,299
1726,1555,251,191,60
1727,1654,276,203,73
1728,4954,903,664,239
1729,2762,543,388,155
1730,4699,2549,1926,623
1731,1828,349,248,101
1732,1471,300,210,90
1733,2646,595,437,158
1734,2663,502,380,122
1735,2509,411,320,91
1736,1429,371,281,90
1737,1875,328,244,84
1738,1078,168,136,32
1739,4938,880,656,224
1740,4821,807,606,201
1741,4969,728,553,175
1742,3358,579,416,163
1743,3127,512,386,126
1744,2590,456,355,101
1745,2008,377,265,112
1746,2415,385,295,90
1747,1555,255,189,66
1748,2547,431,316,115
1749,2326,394,298,96
1750,2525,500,369,131
1751,3199,561,414,147
1752,1453,265,196,69
1753,1690,280,211,69
1754,2992,585,445,140
1755,2983,653,487,166
1756,3000,520,381,139
1757,2528,410,323,87
1758,2698,496,368,128
1759,1686,310,231,79
1760,2699,500,375,125
1761,2783,535,391,144
1762,2425,468,364,104
1763,2009,399,299,100
1764,1469,275,213,62
1765,3289,2900,2178,722
1766,3837,517,382,135
1767,2926,541,403,138
1768,3074,457,336,121
1769,2010,352,271,81
1770,2114,441,318,123
1771,2839,558,419,139
1772,2561,424,320,104
1773,2731,491,360,131
1774,3140,486,383,103
1775,1960,319,248,71
1776,2782,493,390,103
1777,3275,512,384,128
1778,2828,508,369,139
1779,3121,602,440,162
1780,2611,445,335,110
1781,2775,523,412,111
1782,3313,503,379,124
1783,1585,235,185,50
1784,2429,454,337,117
1785,1532,313,247,66
1786,2163,316,236,80
1787,1552,255,185,70
1788,3746,645,463,182
1789,2425,373,283,90
1790,4945,824,607,217
1791,2864,474,367,107
1792,2845,498,386,112
1793,3461,2897,2195,702
1794,2223,449,337,112
1795,2514,474,369,105
1796,2052,354,276,78
1797,1444,240,184,56
1798,2868,429,323,106
1799,3835,666,512,154
1800,2233,402,293,109
1801,5218,1744,1319,425
1802,3006,584,438,146
1803,2536,501,368,133
1804,2549,454,321,133
1805,2078,326,240,86
1806,3063,534,408,126
1807,2454,487,369,118
1808,4908,3114,2344,770
1809,2216,358,262,96
1810,4535,2979,2285,694
1811,5204,1458,1094,364
1812,4084,786,580,206
1813,3009,438,327,111
1814,3023,507,386,121
1815,3077,558,410,148
1816,3042,506,376,130
1817,2557,449,353,96
1818,2555,456,340,116
1819,4636,3143,2407,736
1820,4221,750,579,171
1821,4754,1717,1283,434
1822,3620,704,536,168
1823,2392,403,303,100
1824,3525,589,455,134
1825,5537,1099,814,285
1826,1477,242,165,77
1827,1415,293,216,77
1828,1826,291,206,85
1829,1804,284,214,70
1830,2845,473,368,105
1831,4849,3111,2392,719
1832,2798,514,390,124
1833,2014,393,302,91
1834,3513,677,504,173
1835,1792,349,261,88
1836,2494,465,360,105
1837,2510,510,380,130
1838,3081,547,408,139
1839,2432,473,358,115
1840,2754,544,405,139
1841,2510,428,318,110
1842,3018,566,437,129
1843,2034,377,285,92
1844,3408,594,449,145
1845,2598,496,381,115
1846,2980,573,443,130
1847,1541,310,244,66
1848,2698,495,363,132
1849,2076,367,278,89
1850,1421,305,235,70
1851,4330,2940,2239,701
1852,3253,515,381,134
1853,2243,445,328,117
1854,4805,3128,2363,765
1855,3403,608,483,125
1856,2048,362,272,90
1857,5625,1107,847,260
1858,2779,464,327,137
1859,3369,664,495,169
1860,2123,373,285,88
1861,2531,522,387,135
1862,3478,550,413,137
1863,2927,481,376,105
1864,2404,422,314,108
1865,1497,245,190,55
1866,2414,388,293,95
1867,2445,375,260,115
1868,1552,284,209,75
1869,1455,258,192,66
1870,3249,651,490,161
1871,4553,3123,2372,751
1872,1456,304,218,86
1873,3816,525,385,140
1874,1956,379,284,95
1875,5134,817,610,207
1876,2798,488,377,111
1877,2805,426,323,103
1878,5848,2411,1776,635
1879,2216,355,272,83
1880,2059,428,324,104
1881,3743,652,497,155
1882,2432,440,317,123
1883,3648,704,524,180
1884,3026,597,443,154
1885,4042,663,501,162
1886,4046,623,482,141
1887,3199,525,394,131
1888,2111,435,334,101
1889,3670,635,456,179
1890,2041,437,330,107
1891,3328,537,423,114
1892,1839,325,237,88
1893,3090,561,435,126
1894,4447,1901,1430,471
1895,2453,498,372,126
1896,3016,554,409,145
1897,6280,1307,995,312
1898,2584,426,308,118
1899,2738,517,395,122
1900,1768,379,278,101
1901,6133,1137,853,284
1902,2040,393,296,97
1903,2561,452,342,110
1904,2059,345,274,71
1905,3855,604,456,148
1906,2812,548,418,130
1907,6199,1006,783,223
1908,3560,560,417,143
1909,2168,519,386,133
1910,2790,461,334,127
1911,3285,5139,3830,1309
1912,3998,910,672,238
1913,1537,297,228,69
1914,1533,238,172,66
1915,1440,251,182,69
1916,1894,297,235,62
1917,2646,544,402,142
1918,2628,433,333,100
1919,3358,626,459,167
1920,1433,275,213,62
1921,4425,4819,3588,1231
1922,2430,385,276,109
1923,3481,633,470,163
1924,2010,283,211,72
1925,4322,3051,2265,786
1926,2504,410,331,79
1927,3332,2908,2157,751
1928,2428,459,339,120
1929,3552,563,416,147
1930,3875,732,553,179
1931,2336,430,313,117
1932,1539,270,211,59
1933,2987,481,351,130
1934,1455,292,221,71
1935,2606,420,304,116
1936,1454,214,158,56
1937,3252,7395,5557,1838
1938,3065,521,394,127
1939,2337,502,388,114
1940,1975,266,204,62
1941,3836,2813,2113,700
1942,2396,372,284,88
1943,5156,849,644,205
1944,4943,887,666,221
1945,1457,208,152,56
1946,3877,5214,3920,1294
1947,2574,468,337,131
1948,4773,1964,1492,472
1949,2724,453,317,136
1950,3037,622,464,158
1951,1452,221,163,58
1952,1439,299,228,71
1953,2414,445,339,106
1954,2455,399,299,100
1955,2528,492,363,129
1956,3245,568,413,155
1957,4889,3083,2303,780
1958,2499,448,360,88
1959,3648,575,435,140
1960,3197,562,407,155
1961,2656,452,347,105
1962,1475,254,194,60
1963,5148,837,611,226
1964,4129,2955,2211,744
1965,2464,504,372,132
1966,3450,569,421,148
1967,3613,4639,3421,1218
1968,4247,859,645,214
1969,3017,473,342,131
1970,4436,4336,3289,1047
1971,1465,239,173,66
1972,2154,359,275,84
1973,3590,592,450,142
1974,4811,791,584,207
1975,1991,285,203,82
1976,1433,270,209,61
1977,4410,3891,2938,953
1978,1462,284,209,75
1979,2157,439,322,117
1980,5024,3162,2417,745
1981,1876,295,221,74
1982,1465,283,213,70
1983,3628,586,445,141
1984,1878,375,274,101
1985,3197,630,478,152
1986,4408,2361,1776,585
1987,3313,7361,5519,1842
1988,4970,2090,1563,527
1989,2061,352,262,90
1990,2396,485,370,115
1991,5746,1043,773,270
1992,1472,295,228,67
1993,5289,3588,2645,943
1994,3126,564,407,157
1995,3768,699,537,162
1996,4058,707,545,162
1997,3039,572,402,170
1998,3086,544,419,125
1999,3141,449,343,106
2000,1588,296,204,92
